871.711 1170.63 643.817 1609.93 1449.68 1450.18 1163.47 1225.17 
1405.84 1350.46 1620.97 1640.92 1749.9 1109.37 1515.17 1199.94 
976.851 1124.88 776.304 1504.78 1425.12 1366.85 1207.7 1166.57 
1014.77 1165.1 789.07 1555.94 1517.42 1456.66 1262.88 1219.9 
842.453 1164.36 609.701 1611.35 1412.95 1460.5 1119.1 1213.67 
841.553 1157.58 606.99 1627.55 1451.37 1462.36 1136.2 1208 
882.559 1207.62 646.573 1683.31 1504.45 1510.67 1187.32 1260.72 
910.071 1169.19 683.257 1612.55 1489.76 1453.58 1199.54 1222.02 
864.859 1181.28 636.477 1626.21 1448.13 1465.81 1156.57 1235.32 
871.197 1178.52 641.511 1624.81 1457.86 1463.13 1165.66 1233.17 
877.248 1169.46 649.429 1610.43 1457.38 1450.4 1169.31 1223.63 
872.727 1171.24 645.128 1610.57 1450.63 1451.2 1164.07 1225.58 
870.518 1172.55 642.318 1613.11 1450.14 1452.94 1162.76 1227.14 
872.443 1170.61 644.415 1610.56 1451.42 1450.59 1164.53 1225.22 
872.019 1170.49 644.107 1610.27 1450.52 1450.33 1163.87 1225.1 
872.163 1170.41 644.187 1610.17 1450.44 1450.02 1163.95 1224.76 
872.377 1169.95 644.418 1608.85 1449.57 1449.41 1163.69 1224.47 
871.119 1171.03 643.177 1610.49 1449.18 1450.75 1162.83 1225.53 
871.48 1170.96 643.506 1610.59 1450.06 1450.61 1163.43 1225.44 
872.164 1170.47 644.388 1609.73 1450.19 1449.84 1163.83 1224.85 
871.408 1170.6 643.363 1610.06 1449.59 1450.47 1163.21 1225.29 
871.716 1170.91 643.755 1610.45 1450.27 1450.5 1163.72 1225.42 
872.154 1170.18 644.332 1609.22 1449.85 1449.64 1163.75 1224.67 
871.596 1170.39 643.813 1609.5 1449.44 1449.68 1163.22 1224.72 
871.426 1171.04 643.417 1610.47 1449.59 1450.59 1163.3 1225.51 
871.755 1170.42 643.869 1609.57 1449.71 1449.99 1163.48 1224.84 
871.565 1170.88 643.614 1610.34 1449.87 1450.41 1163.46 1225.42 
871.752 1170.8 643.791 1610.16 1449.94 1450.39 1163.59 1225.41 
871.719 1170.67 643.816 1609.97 1449.96 1450.22 1163.62 1225.31 
871.709 1170.56 643.663 1610.12 1450.02 1450.16 1163.66 1225.2 
872.594 1169.59 644.835 1608.18 1449.51 1448.72 1163.86 1224.14 
870.888 1170.7 642.843 1609.89 1448.64 1450.45 1162.55 1225.36 
871.102 1171.58 643.167 1611.57 1450.08 1451.25 1163.23 1226.08 
872.493 1169.79 644.505 1609.19 1450.41 1449.31 1164.25 1224.35 
871.559 1170.32 643.556 1609.45 1449.24 1449.82 1163.11 1224.72 
870.826 1171.46 642.862 1611.3 1449.69 1451.27 1162.96 1225.85 
872.379 1170.15 644.561 1609.52 1450.49 1449.58 1164.19 1224.53 
872.118 1170.24 644.431 1608.52 1449.03 1449.62 1163.34 1224.74 
870.171 1172.34 641.865 1612.58 1449.7 1452.26 1162.6 1226.89 
872.642 1170.13 644.663 1609.74 1451.53 1449.7 1164.83 1224.59 
872.777 1169.4 645.384 1607.85 1449.97 1448.17 1164.21 1223.63 
871.214 1171.08 643.414 1610.22 1448.83 1450.27 1162.77 1225.51 
871.261 1170.8 643.327 1610.13 1449.49 1450.3 1163.02 1225.38 
