0.215399 0.471182
0.168743 0.302287
0.121963 0.185919
0.0825813 0.112778
0.0527722 0.0674644
0.0320874 0.0414845
0.020441 0.030652
0.0155848 0.0277062
0.0132984 0.0260676
0.0117698 0.0239495
0.0102201 0.0215827
0.00819028 0.01798
0.00629028 0.0144409
0.00488002 0.0114301
0.00364442 0.00887316
0.00297548 0.00721598
0.00199396 0.00495583
0.00159596 0.00426886
0.000797919 0.00185696
0.000594172 0.00076391
0.000629287 0.00128515
0.000629287 0.00128515
0.000629287 0.00128515
0.000629287 0.00128515
0.000629287 0.00128515
0.000629287 0.00128515
0.000629287 0.00128515
0.000629287 0.00128515
0.000629287 0.00128515
0.000629287 0.00128515
