534.129 179.83 977.153 30.99 300.22 -340.81 351.7 -25.23 
105.14 -45.75 132.487 -105.15 -24.56 -83.33 44.23 -58.6 
143.059 -5.53 145.253 -53.99 67.74 6.48 99.41 -5.27 
-29.258 -6.27 -34.116 1.42 -36.73 10.32 -44.37 -11.5 
-30.158 -13.05 -36.827 17.62 1.69 12.18 -27.27 -17.17 
10.848 36.99 2.756 73.38 54.77 60.49 23.85 35.55 
38.36 -1.44 39.44 2.62 40.08 3.4 36.07 -3.15 
-6.852 10.65 -7.34 16.28 -1.55 15.63 -6.9 10.15 
-0.514 7.89 -2.306 14.88 8.18 12.95 2.19 8 
5.537 -1.17 5.612 0.5 7.7 0.22 5.84 -1.54 
1.016 0.61 1.311 0.64 0.95 1.02 0.6 0.41 
-1.193 1.92 -1.499 3.18 0.46 2.76 -0.71 1.97 
0.732 -0.02 0.598 0.63 1.74 0.41 1.06 0.05 
0.308 -0.14 0.29 0.34 0.84 0.15 0.4 -0.07 
0.452 -0.22 0.37 0.24 0.76 -0.16 0.48 -0.41 
0.666 -0.68 0.601 -1.08 -0.11 -0.77 0.22 -0.7 
-0.592 0.4 -0.64 0.56 -0.5 0.57 -0.64 0.36 
-0.231 0.33 -0.311 0.66 0.38 0.43 -0.04 0.27 
0.453 -0.16 0.571 -0.2 0.51 -0.34 0.36 -0.32 
-0.303 -0.03 -0.454 0.13 -0.09 0.29 -0.26 0.12 
0.005 0.28 -0.062 0.52 0.59 0.32 0.25 0.25 
0.443 -0.45 0.515 -0.71 0.17 -0.54 0.28 -0.5 
-0.115 -0.24 -0.004 -0.43 -0.24 -0.5 -0.25 -0.45 
-0.285 0.41 -0.4 0.54 -0.09 0.41 -0.17 0.34 
0.044 -0.21 0.052 -0.36 0.03 -0.19 0.01 -0.33 
-0.146 0.25 -0.203 0.41 0.19 0.23 -0.01 0.25 
0.041 0.17 -0.026 0.23 0.26 0.21 0.12 0.24 
0.008 0.04 -0.001 0.04 0.28 0.04 0.15 0.14 
-0.002 -0.07 -0.154 0.19 0.34 -0.02 0.19 0.03 
0.883 -1.04 1.018 -1.75 -0.17 -1.46 0.39 -1.03 
-0.823 0.07 -0.974 -0.04 -1.04 0.27 -0.92 0.19 
-0.609 0.95 -0.65 1.64 0.4 1.07 -0.24 0.91 
0.782 -0.84 0.688 -0.74 0.73 -0.87 0.78 -0.82 
-0.152 -0.31 -0.261 -0.48 -0.44 -0.36 -0.36 -0.45 
-0.885 0.83 -0.955 1.37 0.01 1.09 -0.51 0.68 
0.668 -0.48 0.744 -0.41 0.81 -0.6 0.72 -0.64 
0.407 -0.39 0.614 -1.41 -0.65 -0.56 -0.13 -0.43 
-1.54 1.71 -1.952 2.65 0.02 2.08 -0.87 1.72 
0.931 -0.5 0.846 -0.19 1.85 -0.48 1.36 -0.58 
1.066 -1.23 1.567 -2.08 0.29 -2.01 0.74 -1.54 
