-0.359874 0.539915 0.974679
0.769465 -0.539518 -0.109098 -0.323947
-0.227984 0.638855 0.770986
0.974281 -0.0522107 0.0683201 -0.208286
-0.0662189 0.645209 0.712213
0.973665 -0.0183124 -0.0271058 -0.225624
-0.0235299 0.69033 0.640873
0.976441 -0.0424367 -0.0214385 -0.210483
-0.0150662 0.731764 0.613873
0.980706 -0.0472024 -0.0319814 -0.186987
-0.037713 0.787454 0.620099
0.985292 -0.049876 -0.0258114 -0.161387
-0.0600247 0.805734 0.668001
0.989844 -0.0470614 -0.013029 -0.133507
-0.0502899 0.819825 0.666605
0.990851 -0.0466931 -0.00789391 -0.12638
-0.054511 0.830874 0.663963
0.991813 -0.046962 -0.00668324 -0.118561
-0.0586075 0.834493 0.671809
0.992469 -0.0467672 -0.00489528 -0.113114
-0.0587979 0.837117 0.674507
0.992673 -0.0464935 -0.00333416 -0.111481
-0.0586574 0.838812 0.67268
0.992747 -0.0465891 -0.00294852 -0.110786
-0.0595274 0.839574 0.67346
0.992863 -0.046582 -0.00279535 -0.109747
-0.0596541 0.839801 0.673965
0.99289 -0.0465714 -0.00256124 -0.109517
-0.0602601 0.839652 0.674128
0.992881 -0.0466307 -0.00216749 -0.109585
-0.0603093 0.839548 0.675219
0.992902 -0.0464519 -0.00209166 -0.109466
-0.0597086 0.839681 0.674439
0.992875 -0.0464886 -0.00224085 -0.109694
-0.0596224 0.839945 0.673986
0.992888 -0.0466157 -0.00245041 -0.109516
-0.0598854 0.840235 0.674634
0.992928 -0.0466474 -0.00239839 -0.109141
-0.0595017 0.840102 0.674364
0.992921 -0.0464105 -0.00244798 -0.109308
-0.0598796 0.840535 0.674157
0.992938 -0.046585 -0.00232553 -0.109083
-0.0599241 0.840429 0.674922
0.992962 -0.0464439 -0.00231836 -0.108922
-0.0597758 0.84005 0.674852
0.992923 -0.046612 -0.00232244 -0.109208
-0.0597575 0.840382 0.674332
0.992928 -0.0465326 -0.00228971 -0.109196
-0.0595869 0.840223 0.674689
0.992937 -0.0464834 -0.00248474 -0.109131
-0.0597664 0.840505 0.674414
0.992939 -0.046585 -0.00234042 -0.109074
-0.0597719 0.840867 0.6745
0.992972 -0.0464933 -0.00234687 -0.108808
-0.0598817 0.840974 0.674501
0.992982 -0.0465359 -0.00228121 -0.108704
-0.0600849 0.840929 0.674313
0.992978 -0.0465739 -0.0021541 -0.108727
-0.0605082 0.840396 0.675727
0.992982 -0.0464623 -0.00199374 -0.10874
-0.0597398 0.839666 0.674687
0.992892 -0.0463611 -0.0021388 -0.109598
-0.0597209 0.840506 0.673659
0.992906 -0.0467402 -0.00231175 -0.109305
-0.0603621 0.840039 0.67458
0.992934 -0.0465332 -0.00215005 -0.109141
-0.0596811 0.839701 0.674857
0.992906 -0.0464036 -0.00233447 -0.109452
-0.0592843 0.840142 0.673756
0.992891 -0.0465886 -0.00254075 -0.109505
-0.0600004 0.840119 0.674499
0.992926 -0.0466575 -0.00239724 -0.109155
-0.0594718 0.840354 0.67582
0.992972 -0.046239 -0.00251314 -0.10891
-0.0591095 0.841103 0.673054
0.992929 -0.0466684 -0.00250073 -0.109119
-0.0600236 0.841159 0.673907
0.992998 -0.0466803 -0.00248603 -0.108493
-0.0604183 0.840642 0.675794
0.993 -0.0466982 -0.00215909 -0.108473
-0.0601371 0.840854 0.675065
0.992965 -0.0466244 -0.00192613 -0.108828
-0.0597081 0.84073 0.674462
0.992961 -0.0465405 -0.00226609 -0.108893
